ans =

  Columns 1 through 18

     2     3     5     7    11    13    17    19    23    29    31    37    41    43    47    53    59    61

  Columns 19 through 36

    67    71    73    79    83    89    97   101   103   107   109   113   127   131   137   139   149   151

  Columns 37 through 54

   157   163   167   173   179   181   191   193   197   199   211   223   227   229   233   239   241   251

  Columns 55 through 72

   257   263   269   271   277   281   283   293   307   311   313   317   331   337   347   349   353   359

  Columns 73 through 90

   367   373   379   383   389   397   401   409   419   421   431   433   439   443   449   457   461   463

  Columns 91 through 108

   467   479   487   491   499   503   509   521   523   541   547   557   563   569   571   577   587   593

  Columns 109 through 126

   599   601   607   613   617   619   631   641   643   647   653   659   661   673   677   683   691   701

  Columns 127 through 144

   709   719   727   733   739   743   751   757   761   769   773   787   797   809   811   821   823   827

  Columns 145 through 159

   829   839   853   857   859   863   877   881   883   887   907   911   919   929   937